[Settings]
CameraAngle=7.204633 253.271393 0.000000
CameraPosition=145.617538 43.180111 -130.015488
